130536394626957313
181794097726619648
236223794308579328
254009704651554817
372073810851004416
373135347791560706
382073979491450881
392365389377699841
416648572382216192
433701090220048387
451015990709583903
498980865519648768
592371136873103391
604564707054977025
605057049117720664
620259078949699594
640885363866337284
647473760030556231
671036767150931988
701786566548520973
713798379053908049
731970594983116851
762237948778512434
767416868616142868
774694872053448756
781580344775802880
793494673388732456
795335295263965225
806136054381674506
806995876031627284
825513497416302643
841301065349595188
842353970415796254
853685476509483068
885209545020944464
889948380153917441
893804952873472010
911985641582104658
916838291708469308
920768144962891797
942526896023932959
961333008986693692
965174277794062336
982304426565992579
987017677308588052
997174417526358066
999015255067852820
1000318369825820772
1003693524090372097
1006467932164984892
1026064095167922187
1034795177014988830
1038508422510944278
1055562371675987978
1066766599949922435
1076312645868716132
1079824479024336937
1082788205771886602
1084413230006423582
1110543728562671657
1111032443089195078
1113503251975905340
1116062771700834334
1117617331380699186
1119417939343441970
1121464233872326737
1122537043344506892
1124037427527426109
1127981124287725760
1140853184038969396
1141016040231411873
1144678059887308851
1145694571360178196
1148300563100991518
1161245281371836497
1167853570218020886
1168300186406232255
1171556264027897956
1176533046300778638
1182702338171994162
1184917581178621963
1185950418178691108
1187331943482806344
1191027891912319068
1191423436405346384
1192574049239433308
1192767703296004171
1196452134993014855
1196796571568848907
1201903486602854423
1204068508422377493
1204478759462371379
1204512119614210120
1204839655699120148
1205231393471336569
1205483824889204786
1205940458203783220
1206572357683253309
1208351299913916547
1209576355847471186
1209880135432540192
1212315502018560001
1215333627047444494
1216049462863204456
1217086487351267398
1218069951131418656
1220769062603198626
1221030836040630296
1221176495297400852
1222313264889729045
1223622363531317259
1225870294380445810
1225871768263196843
1225915528611233890
1226778020417634344
1226921565107523707
1228435121913462824
1233141381279645699
1233307846318358589
1233770589731422269
1237826307832938586
1237868618402758706
1240237095231029320
1244999673480085649
1246094203365228596
1246205373468381188
1246454919020679258
1246900788094308376
1247231293222293630
1247999610765709418
1248338784592859167
1250883809151549480
1254401191329140808
1254539901941055508
1254886808337125420
1255840998840471626
1257753647563935817
1259519249005805588
1260446759507857440
1260652147918377051
1261171179973251082
1261280421996658779
1262446452316049583
1262854763566076066
1264588123581583473
1265257247890604053
1265891755283452004
1266739995511623742
1282270714715443210
1286712618815328282
1290048934584123402
1296549554472226891
1308148140989350000
1308464361278279723
1318320877011603471
1238193907095965807
781778691318480897
